538.3256225585938 239.99990844726562 14.37366008758545 63.166805267333984 129.5221405029297
542.6648559570312 238.413330078125 15.871490478515625 62.642066955566406 128.36517333984375
534.9229736328125 226.1257781982422 10.698041915893555 41.62568664550781 118.96228790283203
538.271728515625 223.62876892089844 12.19894027709961 39.17241287231445 122.4848861694336
542.5345458984375 221.7080841064453 13.049962997436523 35.81100082397461 122.48371887207031
546.9954223632812 220.18470764160156 13.110075950622559 36.06818389892578 124.93699645996094
552.5181274414062 219.76048278808594 13.503393173217773 37.198368072509766 123.1104736328125
557.5594482421875 217.84725952148438 12.951403617858887 43.44288635253906 115.08992767333984
562.2415161132812 217.64329528808594 12.233406066894531 38.648521423339844 115.87467193603516
567.99755859375 217.16685485839844 13.496736526489258 39.550472259521484 118.5453109741211
571.960693359375 216.5610809326172 13.09004020690918 42.37841796875 122.24317169189453
579.1201782226562 219.05105590820312 13.074790000915527 46.26356506347656 124.60396575927734
