350.63525390625 392.7409362792969 22.87177276611328 32.733158111572266 71.36614990234375
353.7774658203125 392.2386169433594 21.89019012451172 38.225830078125 64.22074890136719
354.86798095703125 397.7050476074219 12.970415115356445 42.93497848510742 90.34479522705078
357.147705078125 394.0765686035156 23.19378089904785 43.672027587890625 115.79776000976562
360.5323181152344 397.9418029785156 14.758545875549316 36.443145751953125 90.60774230957031
364.347900390625 398.5143127441406 14.64484691619873 34.91980743408203 88.0172119140625
368.2059326171875 398.5653991699219 15.473808288574219 36.17757034301758 90.59597778320312
371.00592041015625 399.6202087402344 15.945425987243652 33.374412536621094 95.62261199951172
373.48541259765625 396.1623229980469 21.950979232788086 34.30430603027344 115.43450927734375
378.3082275390625 396.2054443359375 21.546871185302734 30.170032501220703 77.75910186767578
