498.0655822753906 332.0608215332031 56.049102783203125 66.0844955444336 38.348453521728516
508.763427734375 332.3993835449219 55.97526931762695 71.8185806274414 75.00330352783203
508.861572265625 333.1659851074219 49.51663589477539 75.28461456298828 73.365478515625
529.412353515625 327.392578125 41.897850036621094 50.488224029541016 120.23672485351562
539.9371948242188 326.6678771972656 38.730926513671875 43.90447235107422 5.489556312561035
540.8059692382812 331.4564208984375 28.362743377685547 42.36222457885742 112.64120483398438
545.16650390625 331.6272888183594 26.739675521850586 42.457035064697266 108.98981475830078
550.91845703125 329.5362243652344 25.176593780517578 44.54261016845703 107.952880859375
556.25830078125 323.9546203613281 33.089935302734375 43.2903938293457 81.71724700927734
559.8346557617188 323.3580017089844 33.0263671875 46.09395217895508 82.41844940185547
560.383056640625 326.64959716796875 35.45991516113281 44.593997955322266 85.80071258544922
570.0307006835938 326.35955810546875 28.763582229614258 40.73276901245117 42.86179733276367
573.155517578125 325.5683898925781 27.97039222717285 39.36383819580078 45.74147415161133
577.7120971679688 328.2091369628906 20.093656539916992 39.26951217651367 51.487571716308594
582.1058349609375 329.48388671875 16.666852951049805 43.06670379638672 57.1196174621582
587.89599609375 328.18206787109375 16.875391006469727 43.9683952331543 55.773101806640625
593.576904296875 327.3428039550781 15.461726188659668 44.10978698730469 58.10891342163086
599.8411254882812 326.38916015625 17.960081100463867 41.41606521606445 61.331581115722656
605.978759765625 323.12640380859375 17.337709426879883 41.38624954223633 62.83905029296875
614.0604858398438 320.8683776855469 18.07717514038086 38.82041549682617 66.59040832519531
