335.9 382.0 73.2 94.6 46.8
345.9 382.8 74.5 90.5 37.7
348.9 385.0 66.5 91.8 39.3
345.2 394.5 63.9 107.5 48.4
358.3 405.8 34.2 92.3 39.0
363.0 406.1 33.1 96.0 39.4
365.6 408.2 36.1 93.3 35.8
368.4 409.6 32.9 117.9 36.5
375.2 406.9 34.8 124.8 32.8
382.0 402.6 34.8 110.6 32.9
382.7 404.2 36.4 108.6 30.6
385.5 407.4 36.6 114.3 31.8
389.9 409.2 37.8 114.0 35.1
382.2 424.0 38.0 67.2 33.2
385.5 425.3 37.5 68.9 29.7
389.1 426.8 36.6 72.9 29.5
390.3 433.7 35.1 57.8 42.6
393.0 434.5 34.5 61.2 42.2
398.4 433.0 35.2 58.2 45.0
400.1 435.9 36.9 55.6 41.0
405.6 436.4 36.6 48.7 56.0
409.1 436.2 36.8 50.4 45.8
414.0 438.4 34.1 53.1 39.7
417.0 440.9 28.9 48.8 65.4
409.4 434.0 44.0 71.2 127.7
412.9 433.9 41.7 70.6 125.5
414.4 435.4 44.8 69.7 129.2
417.1 437.1 45.3 60.6 132.8
421.9 435.0 45.0 58.6 126.9
425.0 436.3 43.2 60.9 141.6
