159.89190673828125 335.34881591796875 28.660202026367188 52.30705261230469 22.06290626525879
161.23583984375 354.0382995605469 33.93177032470703 59.50813674926758 24.17291831970215
159.3752899169922 362.5406494140625 20.348705291748047 54.11646270751953 32.1549072265625
163.1621551513672 364.42401123046875 21.32563591003418 49.5552864074707 25.301605224609375
166.7586212158203 364.6319885253906 19.4450740814209 47.38569641113281 24.140077590942383
168.89407348632812 366.9564514160156 21.672203063964844 41.28298568725586 23.969127655029297
171.30030822753906 370.44415283203125 25.082326889038086 35.24918746948242 24.930606842041016
176.9291534423828 372.6276550292969 26.127023696899414 35.89285659790039 30.692087173461914
182.37484741210938 373.525390625 25.867694854736328 34.619354248046875 65.98423767089844
185.1324005126953 374.72943115234375 23.17059898376465 31.796091079711914 45.39960479736328
189.93246459960938 376.063720703125 15.689509391784668 37.4818229675293 46.650306701660156
