224.0453643798828 349.6116943359375 15.17007827758789 31.685150146484375 87.60501861572266
230.53488159179688 348.93487548828125 15.757369041442871 32.02984619140625 90.92208862304688
234.6574249267578 348.19970703125 17.678218841552734 34.239830017089844 89.6836166381836
251.06204223632812 349.28814697265625 20.80948257446289 46.039642333984375 81.38571166992188
249.44021606445312 349.0701599121094 18.156105041503906 45.409942626953125 68.66771697998047
251.87867736816406 351.50921630859375 19.649229049682617 49.37152099609375 62.31452941894531
256.3509826660156 347.6777648925781 16.244815826416016 66.18492126464844 59.51735305786133
262.0672302246094 346.98236083984375 16.003732681274414 64.84269714355469 55.77320098876953
264.82171630859375 348.0626220703125 18.573823928833008 60.560874938964844 57.38154983520508
264.9905700683594 348.4285583496094 22.677108764648438 77.8948974609375 67.4874496459961
267.3290100097656 348.7370300292969 23.552104949951172 80.38896179199219 69.99881744384766
