517.2411499023438 375.3414611816406 19.959577560424805 38.683536529541016 73.51238250732422
507.81060791015625 381.5623779296875 24.29283332824707 76.17346954345703 70.79753112792969
514.4827880859375 383.3440246582031 28.188352584838867 78.93231964111328 68.98622131347656
523.52197265625 384.20648193359375 26.603023529052734 67.65612030029297 56.64277648925781
531.1945190429688 385.25018310546875 27.073314666748047 69.18944549560547 50.73843002319336
536.0177001953125 384.33270263671875 24.984853744506836 75.0053482055664 53.46992111206055
545.6100463867188 383.538818359375 26.167675018310547 65.3913803100586 40.223350524902344
552.1202392578125 381.65118408203125 23.964197158813477 64.43399047851562 33.0142822265625
554.86962890625 385.3520202636719 26.845157623291016 69.25275421142578 33.69773864746094
565.5936279296875 378.625732421875 20.797033309936523 62.782474517822266 21.16978645324707
570.5596923828125 379.6227111816406 22.527114868164062 63.81906509399414 23.410856246948242
578.1019287109375 375.8860168457031 20.414936065673828 57.1307258605957 13.761716842651367
583.9248657226562 374.54638671875 18.58438491821289 52.75818634033203 15.39179515838623
590.8678588867188 378.7010803222656 25.42081642150879 54.167152404785156 4.793732166290283
595.3145141601562 376.0722961425781 23.4301700592041 49.00173568725586 3.283921957015991
602.0910034179688 372.5312805175781 23.59673500061035 49.52045440673828 0.9766404032707214
609.1574096679688 370.2197570800781 26.82670783996582 43.65285873413086 173.785888671875
614.14306640625 371.08734130859375 24.177980422973633 42.940696716308594 0.2883399426937103
619.5414428710938 368.74786376953125 22.289257049560547 35.82709503173828 15.59504508972168
625.0422973632812 368.9873046875 22.90460777282715 34.95963668823242 17.47523307800293
