357.0683288574219 406.9762878417969 32.87885284423828 95.3711929321289 39.050411224365234
361.78515625 407.2509460449219 33.81052780151367 93.24756622314453 39.10557556152344
365.8778991699219 407.7590637207031 36.514190673828125 92.15715789794922 35.85210418701172
368.6500244140625 409.380859375 32.85805892944336 120.37063598632812 35.88133239746094
374.3577880859375 406.978515625 35.52325439453125 127.0410385131836 32.869224548339844
381.9951171875 402.5725402832031 35.441951751708984 111.25798034667969 31.950834274291992
382.97100830078125 403.40093994140625 36.52750778198242 111.54298400878906 30.829044342041016
385.3557434082031 408.3122253417969 37.05807876586914 114.34874725341797 32.36274337768555
390.25299072265625 409.10845947265625 36.690574645996094 114.13906860351562 35.462703704833984
381.9646301269531 424.4975280761719 37.22148132324219 67.288330078125 34.58319091796875
386.1177978515625 425.034912109375 37.3837890625 69.40667724609375 31.2501277923584
389.55914306640625 427.01385498046875 37.320152282714844 72.023681640625 29.627445220947266
390.06689453125 433.9547424316406 36.06730270385742 57.81770324707031 45.35370635986328
392.9668273925781 434.83770751953125 34.57765197753906 60.92958068847656 41.35576629638672
397.8502502441406 433.13525390625 35.4647331237793 57.752708435058594 45.33595657348633
400.4553527832031 435.56378173828125 36.73094940185547 56.413719177246094 39.215641021728516
405.6907043457031 436.275146484375 36.81349563598633 48.68806457519531 54.959774017333984
409.0594787597656 436.2558898925781 36.96428680419922 50.346275329589844 45.73851013183594
414.7308349609375 437.01043701171875 33.635406494140625 54.05475616455078 45.06763458251953
416.5967712402344 441.1177978515625 28.68284797668457 48.95982360839844 64.94325256347656
